819
757
839
194
214
378
758
369
335
55
536
111
996
604
934
969
168
471
122
991
273
562
272
919
900
865
722
8
586
94
126
928
993
655
766
399
420
334
652
798
870
43
331
260
153
808
96
730
133
558
113
119
648
76
170
219
204
376
202
484
452
825
455
804
545
360
961
863
793
506
504
732
136
999
717
346
5
714
640
13
479
663
70
313
297
829
861
103
49
664
182
393
365
910
946
453
599
180
112
7
262
166
776
429
859
944
500
325
352
104
744
817
530
63
217
789
93
141
438
78
282
805
911
508
702
941
358
147
396
527
242
125
881
144
921
230
457
333
902
913
616
779
277
833
754
933
645
956
736
977
400
386
978
368
690
22
727
320
275
600
869
874
801
189
159
322
245
787
853
700
739
213
852
332
668
172
549
800
82
68
788
137
436
955
193
673
158
161
570
556
107
803
576
290
434
649
215
692
415
232
914
312
490
185
37
777
827
270
16
552
538
631
363
79
56
40
705
636
802
496
108
893
465
497
19
918
164
785
171
782
485
44
422
244
974
201
503
589
88
520
985
12
513
130
709
413
90
233
679
962
719
687
124
908
261
971
572
361
462
691
855
495
715
84
957
238
866
615
644
67
409
149
319
491
507
4
197
651
564
611
988
351
0
897
539
595
578
831
568
259
477
474
857
812
712
449
623
139
364
602
677
74
207
264
191
512
89
274
263
480
395
596
250
469
591
135
791
101
426
724
936
466
879
447
565
947
826
99
646
451
160
592
142
685
406
559
849
430
688
11
301
327
624
823
355
26
718
792
637
618
473
441
177
832
248
693
851
1
35
551
915
257
51
165
735
36
585
660
501
603
610
379
10
476
75
816
83
612
571
872
899
682
169
42
226
613
767
938
492
772
62
342
553
665
583
234
58
701
128
46
711
463
516
481
483
25
676
337
416
537
794
847
304
3
442
299
707
960
797
639
815
809
302
742
69
609
858
308
211
458
656
806
239
588
470
864
178
945
184
23
841
18
392
828
786
448
694
510
896
443
622
307
9
366
405
316
407
80
54
279
843
667
698
580
689
121
412
464
499
252
769
554
488
601
339
24
807
773
146
987
540
740
294
402
566
489
267
923
371
236
728
315
154
979
357
338
671
547
587
856
875
763
697
472
699
909
966
143
311
186
575
336
229
401
903
848
91
661
377
210
216
195
373
883
374
200
842
781
630
838
972
529
475
868
243
34
324
97
584
980
932
389
268
2
935
997
249
669
300
356
557
850
328
963
783
753
795
281
533
756
303
225
403
140
854
289
840
662
731
20
431
309
384
305
887
982
535
41
317
721
713
867
223
253
680
749
410
514
768
220
292
287
17
525
381
459
398
891
799
343
907
561
394
818
948
943
675
345
880
878
138
710
892
723
173
590
467
598
329
738
973
367
209
127
181
59
205
199
29
889
824
206
796
737
635
456
654
15
71
929
672
617
884
835
102
509
92
468
150
951
532
152
224
73
64
755
265
995
482
774
145
986
283
658
179
486
686
511
344
860
780
460
949
998
954
550
266
748
187
810
647
362
419
569
6
760
937
750
894
318
942
994
684
898
574
227
967
990
634
976
117
100
66
120
641
922
515
487
524
605
134
519
822
53
953
683
703
30
983
940
450
372
192
423
47
877
989
156
293
162
548
917
228
733
939
522
72
286
218
235
109
190
444
131
871
762
183
222
594
920
198
764
323
341
981
203
546
454
298
417
886
720
765
148
638
964
310
176
271
288
968
348
256
359
895
296
269
461
38
650
563
784
965
21
151
502
905
433
60
836
534
231
681
643
729
751
845
925
621
726
695
65
340
167
86
666
14
975
642
523
380
531
614
837
314
820
542
752
716
704
813
629
926
255
811
628
50
747
28
32
608
391
123
607
952
678
950
370
518
105
597
873
278
517
95
970
632
653
414
734
241
114
770
382
625
27
33
349
174
129
321
350
397
163
577
761
390
116
633
579
432
221
743
959
906
746
626
498
347
992
188
208
582
778
425
132
846
106
904
175
759
157
606
528
674
421
383
284
408
330
428
115
657
670
821
411
916
39
251
834
567
295
418
61
276
696
882
212
437
771
85
446
48
924
247
830
593
844
814
876
388
45
541
706
237
118
478
440
306
984
77
620
526
98
493
890
544
573
435
555
285
725
543
81
354
424
353
741
385
931
404
52
31
375
291
387
280
505
240
912
326
775
927
254
619
427
246
862
196
521
659
439
901
790
57
885
494
87
708
745
110
445
930
581
888
958
560
258
627
155
