814
835
624
621
798
547
447
483
422
127
133
999
662
94
666
206
865
412
736
810
733
983
107
292
585
783
51
424
290
871
906
108
129
616
313
154
593
214
517
930
578
84
572
830
17
141
434
140
344
844
381
882
840
748
383
36
1
160
163
629
186
609
685
384
360
990
765
204
826
775
963
659
6
665
975
462
300
535
503
388
802
33
428
918
985
74
913
393
537
307
849
683
14
146
414
474
848
489
869
34
909
674
873
631
579
254
318
54
794
66
721
385
495
974
233
919
268
78
965
741
273
184
138
649
16
803
513
937
43
167
777
143
102
944
583
542
675
454
283
558
847
563
242
142
988
352
19
704
222
747
824
751
767
30
575
577
528
682
235
27
881
589
861
797
166
297
597
247
969
632
380
831
416
790
316
529
336
39
251
860
229
917
116
717
633
304
189
284
757
172
742
992
461
216
178
501
898
155
967
991
309
241
692
200
614
955
731
551
970
549
334
813
695
713
469
134
654
90
711
484
966
938
425
622
202
278
672
569
231
156
738
858
640
262
413
314
532
301
126
553
933
386
630
823
722
660
340
279
248
363
924
679
271
333
651
228
157
626
373
217
914
294
752
759
951
915
627
510
657
240
959
451
607
827
619
464
755
196
13
319
494
996
5
698
772
910
907
418
349
734
749
500
446
92
399
7
164
997
523
816
989
862
460
437
791
691
282
299
132
75
727
998
690
246
552
258
560
941
658
303
779
832
773
376
275
152
149
21
987
815
732
124
863
256
269
684
574
63
174
355
260
207
421
656
343
976
480
158
137
800
48
361
894
76
703
70
148
91
635
357
280
45
442
117
982
59
745
516
972
984
584
502
31
289
872
89
261
323
843
151
82
702
634
358
276
432
771
394
181
739
32
628
255
471
678
29
508
954
625
191
485
356
130
641
897
507
62
401
596
947
114
511
430
908
956
390
165
505
162
61
573
491
728
817
878
796
559
450
667
539
369
925
415
86
646
689
308
466
846
782
101
530
761
891
317
185
693
644
411
562
453
353
550
866
533
986
252
726
77
8
587
812
687
598
115
57
18
436
708
478
457
110
387
766
957
122
648
194
561
81
527
936
611
940
112
799
971
426
960
526
111
541
602
104
455
219
312
342
445
787
310
673
367
210
397
46
776
943
916
978
285
888
821
359
404
977
564
945
281
198
365
12
497
639
896
700
581
213
806
645
400
119
493
87
306
347
853
512
100
205
636
295
176
120
23
842
265
819
623
131
931
245
889
932
298
80
99
979
221
828
509
855
520
554
499
371
435
291
650
801
350
712
2
225
396
463
22
339
570
274
53
190
288
136
472
346
183
856
576
961
465
325
378
64
904
38
188
764
368
543
25
452
618
538
753
11
49
55
243
470
720
192
168
723
195
540
677
257
230
701
582
177
927
571
449
746
443
337
398
769
203
743
364
467
934
606
566
144
857
893
876
879
382
296
568
348
883
405
374
423
851
79
232
818
671
439
479
327
926
139
417
905
456
670
135
995
237
653
763
663
331
263
475
964
808
212
267
69
811
615
793
595
515
379
504
588
406
324
778
544
762
980
605
706
655
939
481
10
476
993
332
604
395
950
58
784
744
329
556
923
105
20
592
519
868
159
459
238
106
829
534
867
735
197
372
487
93
565
161
697
531
293
199
599
664
147
253
26
719
209
522
409
864
103
431
922
95
557
224
661
486
845
859
128
758
935
266
234
911
870
669
688
680
73
850
44
180
946
892
725
807
920
440
836
338
173
125
887
215
193
408
676
351
458
525
780
153
377
608
774
886
330
28
305
981
952
482
171
756
239
825
259
9
652
427
709
929
760
321
145
900
838
227
699
444
287
468
113
24
788
477
50
223
737
600
901
370
118
68
968
97
820
433
754
694
785
52
56
705
942
328
696
438
498
15
637
208
226
715
83
286
885
750
852
594
179
67
341
647
496
591
72
518
839
949
402
407
264
902
4
804
586
441
921
613
899
123
170
953
41
169
805
366
948
150
345
795
121
880
88
429
335
770
548
244
182
419
60
506
837
729
686
315
781
555
786
354
833
490
65
320
311
3
874
410
391
603
620
877
710
448
277
730
420
375
302
718
768
590
973
270
841
668
643
928
681
884
249
617
201
903
35
834
0
250
85
109
792
716
809
187
601
392
567
362
875
895
96
546
236
545
612
714
514
580
272
740
211
958
473
71
822
98
638
37
642
890
175
488
724
326
610
536
40
42
47
707
389
521
403
962
218
854
912
524
994
220
322
789
492
