1671
3066
3403
3697
1344
3101
3640
1852
99
333
1646
1637
415
3530
2156
119
3444
2353
1538
177
2169
3704
2765
2756
956
3328
1325
1336
764
1088
297
1191
1437
3917
1724
2477
1568
3824
3931
2369
3406
1091
2658
1068
3777
3644
1051
2675
912
322
785
823
473
2203
3414
3915
2552
708
505
686
2734
267
317
722
1185
2532
1889
2173
2003
2889
455
545
1807
988
2145
2248
3852
2308
2835
2976
1383
3944
3846
703
2679
2032
3591
2966
3402
2803
3508
1419
3684
3636
1136
3882
3049
1571
1964
253
154
492
2202
2153
1120
91
1581
2376
3143
1981
1144
113
603
567
1694
865
3657
2798
2636
1648
3624
3010
321
2630
1759
1693
1303
3439
2007
1048
2998
716
1170
965
1399
1392
2215
628
1259
2483
962
2770
2729
2040
2641
900
1454
326
2930
2831
1038
3288
3472
3880
723
1608
293
3783
3192
460
1118
798
2568
2625
715
2732
922
3840
2106
794
3096
3169
3437
371
263
2709
2346
1829
220
2326
2333
927
318
609
932
1469
2273
1737
913
1129
2385
3854
3111
3552
511
3204
2401
1194
1606
3058
1521
1022
1362
3904
2285
2749
3282
1960
510
3272
2818
2309
1350
3375
3296
271
2541
3629
350
3947
2859
468
285
224
1867
2186
1935
120
2575
630
1948
205
1589
632
2480
2167
650
3335
2334
1472
3867
3135
1181
1027
175
2768
1651
2320
986
2413
2025
1413
419
3523
1612
702
2039
2522
1814
2128
1730
3725
1394
3203
355
3274
3173
3261
1204
2399
2052
1687
3648
298
2965
1041
576
2972
112
3011
2479
2931
709
2769
1866
1803
2290
2683
1023
2304
229
3412
1791
2608
2584
1976
2830
247
1990
1549
2339
634
2548
1929
1057
1487
2445
379
2602
2825
1739
2236
1887
1343
423
3210
1398
1704
1033
1089
3145
3718
1894
281
2176
3428
3594
791
2861
3115
369
1458
347
2677
1155
3667
3483
3980
3916
2873
319
1823
2988
266
2816
427
471
1961
2454
2673
1977
2355
3986
2230
2235
3572
1069
1785
3120
168
1804
2887
2865
320
622
3830
2404
3807
3171
3455
1364
2267
624
2917
3301
727
2164
1600
1514
2340
3793
1631
959
882
143
897
3499
1333
111
1910
3512
1865
2964
1073
917
3229
3181
383
1594
3857
3128
2310
2932
3999
274
2001
2303
399
363
1402
881
2447
2508
3603
495
3664
241
3614
2640
2348
367
1159
362
3968
1156
3695
2395
1278
216
3814
2260
3595
2678
2503
101
2639
3441
3464
472
3856
3679
1386
3842
1640
3260
2451
284
2473
3631
705
3567
1925
270
2154
1484
3333
799
2834
391
2094
1661
553
2558
2113
1777
3753
3707
124
3459
2974
3584
3306
3148
306
1313
1547
2491
532
1202
3126
1080
2460
2181
1799
2642
2396
1627
2701
2570
1669
2944
3351
2559
2969
1431
940
185
2140
222
1335
1341
1733
3040
444
1959
2991
2656
2993
2443
769
2844
2948
3100
937
1109
2465
2593
3569
690
1005
2115
2637
3831
1556
2684
3380
3376
809
752
1271
1241
1209
2746
2287
3103
765
1524
1495
1950
2232
2618
2987
421
1028
1071
3746
1836
2423
528
1585
1015
1679
795
811
3501
2789
214
844
3324
2502
2137
3286
2904
3434
1066
3564
3129
1195
3342
2963
2758
2262
2605
225
169
2259
1438
3362
2008
728
2494
3934
2316
1317
3136
3080
442
3475
967
2893
2240
3180
990
3620
890
1301
1815
2713
3446
1140
2221
574
1817
2599
2301
550
2468
1957
258
3106
3190
499
413
1643
1746
2612
3244
1650
1430
1786
2545
537
259
1513
3490
3033
272
3600
758
3558
1712
901
754
2669
2716
787
2126
2989
3539
3557
2033
3762
377
1049
2899
3897
292
2097
737
3152
2849
3843
2912
3008
3278
3225
1152
1417
3470
208
2649
2412
1766
2495
2905
2019
3939
2687
3150
1401
2099
3571
1529
2299
2192
1497
3733
1535
2820
1282
3264
2672
3549
878
526
3209
657
3427
1455
117
1422
2896
2200
2337
1329
3610
1756
2780
2306
1779
3250
2351
1171
789
2474
2515
2804
2018
1361
3690
816
3586
954
1545
2177
1787
3675
3003
1243
1893
3752
3887
2356
1520
2646
3064
1029
186
1632
3828
1670
1040
2943
559
3870
1768
2278
1784
1972
566
1509
1566
1659
3576
2406
1979
2394
3139
675
2596
556
1280
1052
2717
531
1573
2950
3178
883
1062
3662
3588
895
3001
459
3583
2143
1983
2979
2085
3851
1731
2894
1624
684
2381
3368
2238
611
1987
1307
3372
1560
1384
1660
2277
500
2319
743
2076
1187
2743
1256
2091
725
1287
2391
2135
1946
573
1992
3534
792
2736
1418
3682
2327
1319
1112
3495
1805
196
3410
3107
807
1532
3655
1286
1722
1223
1059
2269
2312
2795
2131
2824
1001
141
3895
3738
2045
155
1905
3685
454
2638
2288
2298
352
2455
1220
2114
1926
2863
2318
1609
3757
2670
296
2787
2800
671
929
204
1200
843
245
457
357
1161
803
2910
1630
2242
93
3688
3155
304
1363
766
303
1812
2797
408
3952
975
3551
283
535
3575
104
960
3077
2324
3801
2629
820
762
3956
3299
3894
404
3009
432
3348
2586
987
3393
3838
2144
3581
793
3395
417
2777
2556
2723
1137
420
616
3779
1776
3050
3357
1079
2266
401
2478
1564
2004
1452
300
2585
1763
2182
234
1696
3432
1690
714
470
3157
3269
1816
1870
3604
446
1663
431
2105
3416
3623
3052
1173
252
1833
3681
3674
1396
3937
1128
570
1197
1639
887
3533
3020
240
2728
3566
2847
3336
3452
2812
2836
1593
1320
3844
2341
3423
3401
3883
2841
3592
590
1621
2627
1214
688
2444
3607
3905
1324
597
2879
593
3132
933
1508
387
729
456
3228
2690
2520
2907
1403
1555
2414
3593
148
3317
818
3323
2774
3193
3117
3004
3954
2360
2098
548
356
2806
3646
888
697
184
3892
3240
1008
2682
1916
501
2311
2054
294
193
3182
639
1574
2418
3399
1832
2681
219
2224
3259
2374
994
1680
2735
904
3541
2233
2767
2524
1423
3202
1107
3553
2130
1880
2276
2026
1121
3989
3068
941
2231
515
3821
2621
1595
1050
812
852
2313
1167
1533
2995
1729
3765
3284
916
1917
1388
983
2901
1665
1808
235
2553
3686
749
3383
1615
239
660
1860
1515
1838
3906
2493
1516
1591
2261
2049
2456
2293
3430
946
3709
3476
2708
740
217
2415
2056
898
3763
1994
849
1789
402
753
151
1644
2582
2566
2702
3548
1570
1457
2325
575
3319
1820
1470
2815
543
1006
2619
1792
3413
158
2793
411
2667
328
3358
1276
3266
3346
2124
1796
279
1046
3369
851
801
3390
2080
2776
2291
3735
2850
774
1849
914
212
2302
1166
3131
3580
2159
3868
484
2342
1058
1255
2111
1296
854
3813
1519
3486
1085
1506
97
349
3693
2759
2881
3699
2564
1781
689
2935
1503
3647
1751
982
3146
3114
496
921
2363
1410
3458
3984
1169
443
3092
1922
3338
3090
2281
1634
2183
1425
751
3861
1292
3014
3795
577
1095
1275
290
1837
711
850
2802
3445
1819
2952
2370
3497
403
2936
3602
565
3359
2157
394
522
3276
682
3218
2772
3118
1618
1928
3727
3760
3473
1831
1966
784
3194
2170
2535
1761
870
1858
1359
3377
2544
2095
134
3035
1717
1758
2565
92
1850
3637
2424
3536
1216
1971
248
2955
2062
1411
2956
1385
2402
2547
1427
534
3728
2653
2622
1100
289
3973
972
179
3949
2174
1794
1934
2946
732
3786
106
3216
800
2307
122
3498
396
3208
1895
3570
797
549
3387
2674
2947
2886
209
2364
2528
1012
2009
1725
1710
2336
3253
2155
3516
1999
2175
1954
3480
3239
2069
3091
2919
1288
278
3454
2407
3515
667
3285
3962
2037
3940
1755
261
2866
165
3864
3961
3477
384
3639
2762
2994
2250
3211
1339
2280
1861
3544
873
2516
3256
3700
1930
542
2617
2560
237
3784
2357
1818
2567
1212
1043
3279
130
3997
3886
273
2065
2666
3791
390
782
3076
2252
3238
129
1825
1522
1827
1942
3504
354
1147
1379
2051
3212
3670
3902
1117
3141
1993
131
2990
1368
3529
2933
1065
236
3235
1882
2590
3936
1732
1923
3071
3067
3389
760
3015
2710
3396
1747
3745
1014
1360
3363
2864
414
1146
3409
3312
2096
2748
1416
3082
742
2890
1773
1119
1956
243
1539
1638
1190
2659
2604
2082
538
2421
3116
1764
3370
3780
3109
405
351
3079
3343
2739
3315
1443
3739
778
3975
393
1911
1231
1558
606
2161
1546
2207
3932
920
1340
316
3772
1433
2400
2317
2954
1642
884
1468
910
3678
3955
2664
2689
3589
3601
1839
3770
1375
837
1970
135
3615
3502
2189
2330
1842
676
3976
2216
1740
1749
475
388
128
877
1668
2043
1504
2597
1283
871
2347
3185
1252
3951
1002
2778
3334
857
3354
2354
1347
2832
264
2751
3587
876
2093
3161
3258
1686
3722
637
2398
2895
2190
3251
2475
2271
953
1134
3098
2693
1316
3875
3993
2929
1227
462
2697
1086
1026
735
698
612
1562
2504
712
1011
3381
3872
976
2632
282
3061
2218
2839
2210
145
554
1263
2206
2808
3084
3304
1873
2368
979
578
192
1321
2624
3888
1656
3270
1261
1378
3469
3879
2981
336
1289
931
2581
2513
719
3007
2332
1306
915
3754
1215
2027
775
3170
3295
1565
1397
1641
1168
3005
3147
3222
1047
3263
3045
3789
255
1772
1587
425
1143
599
1371
2852
2305
2926
875
2006
3467
1490
406
3360
2328
1998
1342
1405
3893
3021
518
3095
3275
1035
2335
3590
1523
2536
2188
1206
162
894
3268
138
2089
3310
1456
3156
2296
2050
2223
2389
3756
1810
2942
2805
562
2892
2623
3379
2549
3496
3823
3303
207
3119
2712
1018
981
3809
1217
3805
2730
2053
3642
2827
3833
1083
2383
1828
467
1060
378
602
1354
641
2103
1527
2583
1697
2165
178
2486
2977
3219
808
3019
1706
2985
3175
1864
1387
1798
1953
984
3060
1224
341
1024
1268
761
2160
654
1258
3511
1735
3340
3946
109
2187
3933
3835
3921
2694
2072
250
724
1272
679
825
879
2652
2740
1409
3568
3494
2962
3869
591
1896
3574
3059
3125
3977
3537
1135
3070
2695
1891
2405
3046
2550
2957
2600
1098
810
1974
3573
3781
828
555
1599
3996
218
2283
717
2704
1279
2119
1826
3773
3535
3960
465
587
1582
1771
1912
3538
1924
509
1843
821
936
939
1244
3970
3088
1164
2117
1461
1432
1824
1218
3991
945
3797
1138
3732
295
1806
1113
1673
3660
1811
1199
3037
1932
142
2044
687
3026
2573
2655
3509
893
1622
1345
2382
2015
1019
1328
221
540
3265
3220
572
194
2819
1132
3047
1711
1480
1442
835
1949
2615
3353
2822
1172
3405
2448
3355
433
923
1101
2438
1426
2775
2829
3524
3189
692
3832
269
1611
842
815
3289
1265
3654
3550
1475
1488
598
2685
1664
3308
1408
536
481
2509
2427
2497
1010
617
3766
1056
3815
3056
386
1373
3841
1848
3858
3778
2377
3794
2194
3196
3979
2662
1449
1042
1496
1822
2938
2727
1662
1421
2441
3519
2002
1605
3307
2498
564
3418
1762
1702
1969
2610
1351
121
2745
1424
2031
3803
830
3966
311
3910
2467
1141
152
2211
3790
3577
580
2555
2490
733
3031
195
3873
1445
3177
3431
707
2237
1869
3337
858
344
2875
2738
1250
1937
2000
1305
3734
3233
1338
944
1281
995
2372
2439
3890
3878
1092
2973
102
3318
1434
1036
636
3935
2380
100
2204
951
2531
1094
2121
700
2488
2201
3759
999
3127
663
1466
2384
3234
3929
182
1603
3914
2960
2035
2720
2668
353
3322
3621
918
2397
1158
301
1391
3822
1448
288
790
1055
133
2066
2184
3013
2523
159
3898
1039
170
3788
629
140
1323
872
1502
906
861
2680
1474
2540
814
2208
950
633
604
3556
3063
3635
3737
1675
147
3676
1299
437
3792
1353
3352
3137
1428
3671
3849
2041
3378
908
3714
1004
474
1927
662
1862
265
1009
2021
1327
3698
348
627
3142
1713
3836
3744
2888
1208
998
3608
1221
1783
2343
3808
3243
3188
3421
855
260
1142
1108
3329
2724
464
2028
3022
3200
1847
1561
1436
892
3149
3417
1991
1888
3294
683
1207
2459
2817
3710
478
2534
291
2517
1404
2595
416
3482
2898
710
3520
2543
2700
233
483
1588
1228
2984
453
2867
2754
856
928
2075
345
3465
2023
3818
127
1481
480
2742
704
1551
3314
3758
2876
2222
2916
2449
2005
2651
3863
2663
3425
2282
3038
3374
160
2823
231
2220
445
2760
3028
2257
1381
3768
645
180
2634
3086
1177
3942
867
1744
806
3776
2229
985
1856
1235
2788
1380
476
2196
2533
2090
547
3179
3510
2132
3419
2434
963
1251
1879
1253
3650
513
3138
3451
2924
3466
3166
3089
520
2127
3612
2272
3385
2726
3191
1721
2791
2940
796
3025
2983
3561
2435
2588
2338
822
673
971
1444
3246
3761
3297
2166
3195
2258
993
3503
203
3847
3183
3983
773
2968
3579
3062
2854
2799
3361
1084
948
2016
2526
3920
1210
2059
166
2783
779
1703
3487
3224
449
3245
477
2225
2442
2542
3721
3478
3919
2162
2908
3927
3689
653
2387
1154
517
410
2821
3424
3860
3845
1462
2501
3223
268
1906
504
1973
3514
1034
1598
3658
2903
3024
434
2986
275
1309
2900
3694
1774
3484
3057
249
3653
3325
507
2197
909
2268
750
1064
2472
1629
3392
366
1914
1534
907
1486
448
533
2997
980
1903
827
886
1592
438
3237
2322
2561
2773
3666
974
2142
2469
2838
103
1709
1099
188
3995
1446
3112
3123
1500
1302
461
1193
2482
305
1087
3187
3391
277
2422
1467
3449
2737
2329
2251
308
2234
949
1105
3347
3750
1684
1102
1908
3599
2909
1907
646
1748
1284
3232
2934
3051
919
582
502
1933
3609
3834
3656
647
1511
1178
2213
1406
1557
2071
3521
3386
1318
3468
1453
826
1245
3254
551
3881
2403
1537
569
952
2840
1892
2766
3819
1596
669
1160
463
1485
3227
1602
721
2647
620
3094
2574
2521
1356
1127
3540
1182
167
1580
2633
2980
1691
1139
3963
2255
1601
571
2857
2577
313
343
3925
2409
114
2580
813
2505
1738
3926
3751
1652
3531
1881
307
3105
2603
3000
498
1440
211
3277
1876
1720
3422
440
2858
3197
1075
3043
1750
3371
2109
153
585
3291
257
3236
664
2195
3489
1332
3339
1963
1179
3661
1104
424
2345
1620
1189
146
2300
1676
361
3404
3565
943
1369
3048
2764
3726
118
227
2064
2874
1389
1122
1000
3481
1045
665
718
1266
3302
568
2833
1986
1196
2506
3703
1813
3702
1157
2951
3167
1395
1921
2877
524
1552
1918
2408
3625
672
3230
938
3598
1834
1790
3172
1765
110
1067
595
3764
558
3442
2425
2711
2461
600
375
592
3618
2246
747
238
1575
3741
1878
2923
2055
2464
2247
783
2270
2264
2882
788
1915
2855
2763
1678
3271
969
1507
1225
1726
3456
3767
1478
430
176
1165
398
1175
2922
3562
2771
1699
631
3018
2171
1714
1658
487
1958
2512
1718
183
1017
2992
1610
2179
1131
3267
970
3545
2609
1727
2476
601
2061
3292
1447
1219
3848
924
3806
2191
2868
1414
2782
1868
1322
132
2913
3865
2785
3440
3273
947
3827
530
181
2249
3397
3582
2814
139
2614
2927
1577
2792
2628
161
3774
1760
3748
2518
3252
2101
3300
2810
1082
125
848
1899
1370
1460
1365
2393
310
3247
2801
2511
1685
3151
1734
1148
2592
2265
2107
198
1464
2925
2436
2880
3719
2011
1482
2750
1871
2860
3907
1020
3388
3158
3527
3677
3488
623
3055
1355
1501
3215
3133
2253
3816
3691
506
1940
1884
3205
2375
3163
144
1222
1909
2611
527
989
312
2077
2607
2226
1308
3168
541
3622
397
1579
190
439
2620
287
2851
1376
3231
902
1590
2645
3426
3041
3817
991
3959
1238
1390
3563
2150
2883
1505
1920
1300
3619
677
1150
1886
334
490
2906
3087
2452
1962
3820
3017
1531
1988
2529
829
1897
2292
2185
2431
3560
1572
1743
2371
2557
2961
3373
2958
337
846
1904
324
1149
2492
3257
2158
2172
3241
1374
3532
3826
1745
3525
1841
2092
934
759
1016
674
2390
2869
228
3199
2463
2146
3463
3165
3006
2036
3950
2871
706
1723
2786
2083
640
771
1952
3964
2578
327
3708
3668
164
2426
2594
2366
1025
1857
3941
2432
942
251
96
730
781
1162
2519
2104
1695
3626
3743
1236
2725
1692
2688
3871
1705
3242
2546
3447
2466
206
2256
3411
1716
3982
3073
1248
1465
3712
2450
3974
2784
2168
2245
197
3099
644
3221
1211
1477
3160
3248
3922
2219
441
451
2365
3799
3692
3736
2410
1586
3522
1003
1996
2671
1254
1078
734
1578
3110
817
3121
2794
1176
563
745
3206
1239
2828
2392
2120
3474
1672
3113
482
3287
3309
2902
1835
696
2884
123
3641
3825
3320
189
3585
3321
2937
2676
3885
2163
3775
3543
955
3884
2796
491
450
3492
157
3605
2047
514
1053
512
1885
935
831
2029
1623
3407
3281
1352
2996
1517
2358
552
2696
1463
1311
1072
1491
1980
736
824
738
2978
3724
1471
2914
3596
1070
958
2714
373
3747
412
615
2017
1393
1315
3457
2315
1295
2842
896
1782
2108
3911
3554
3957
2753
1563
2807
731
2661
3506
3749
3903
3713
3673
2321
1989
3255
163
2496
1451
2606
3184
1666
768
1510
3683
2920
1698
370
546
3876
1213
1619
3643
2872
1291
3945
2022
1855
3344
859
1180
2643
1788
3908
381
695
608
1242
95
589
2761
2088
2294
1978
619
2141
726
1901
2665
1707
385
1753
3998
691
1021
1151
1407
1063
3632
3987
1800
3800
772
1264
1174
2228
3382
1479
819
2110
1649
3500
200
3330
1153
3924
3948
2458
1754
1700
614
3471
3365
1544
1667
3731
1654
649
1554
3701
757
3889
2941
866
739
2752
2243
508
1226
2613
3400
3453
3992
1054
741
3415
447
3877
891
2481
3429
3479
276
2484
346
422
280
1314
2362
1688
2279
2587
2386
1076
3918
2178
1188
3450
137
748
342
329
1249
242
1125
1357
3866
3420
3782
2323
330
2691
720
659
805
3616
519
1294
2129
529
2010
1267
839
2626
3652
3785
2416
1951
1657
2081
1683
581
365
3526
3715
3433
3293
3891
302
2562
2563
1617
3053
973
1541
1334
226
3034
3723
1944
2437
2967
1736
584
2598
1583
3837
2731
3436
489
1752
1945
3740
1845
2227
596
3085
845
3971
2074
2134
2344
1931
1234
3742
3912
262
315
136
2845
1542
376
1007
763
2975
171
3313
1273
2790
1377
668
3012
678
964
3985
1044
1604
832
1298
2686
2379
588
2314
429
2428
1955
2551
2657
2722
638
2703
635
1636
1331
1536
1124
2489
3680
1494
2589
3900
3349
2013
2601
655
469
1297
407
2862
561
2635
299
3249
2576
1013
2921
1616
1077
1493
3716
2030
1775
1400
202
2747
1780
1367
3054
1625
3711
3687
1097
230
3485
2500
332
126
2471
2499
1674
2118
436
1439
864
3850
3899
331
3969
1846
1312
2193
885
2507
1415
1677
3356
770
930
3627
1965
2485
2660
2579
1943
156
1246
613
1975
2388
1778
1274
3720
213
3072
3630
1518
1741
802
3672
3943
1435
838
1528
254
1348
780
3186
3633
1037
3002
3078
3130
3507
1875
1681
2125
925
2086
389
1293
3555
3638
1854
1310
2275
840
172
458
899
3517
1130
3075
560
2102
2063
1205
3438
3659
2705
452
3645
3665
2837
656
1459
174
621
3443
3972
2070
651
2510
1863
1526
1576
3461
3039
380
2139
2446
1269
3140
2417
1116
755
1499
889
2263
2813
3102
3042
3859
2078
1441
2084
2945
3978
3651
3787
2352
2361
1874
1093
3717
841
479
557
2853
1635
3874
3994
3729
693
1802
903
2199
1941
1304
2079
3769
2024
2757
1489
2514
642
173
860
3930
3350
2429
3408
978
1859
1647
1103
1111
3896
3981
2440
2430
2856
493
1801
2846
625
3546
2971
105
3326
1450
1476
1512
1567
3083
1633
1260
360
3159
1372
2122
643
286
2959
2870
2073
1559
1982
3542
2885
494
1337
2755
3134
314
1997
1840
977
3559
3153
1262
968
3341
2644
2067
2136
3305
1346
2149
116
2843
3613
701
1525
2147
2718
586
853
3505
3213
3262
681
3938
1290
1237
3226
1032
1074
2744
1090
2654
2692
1163
2367
1429
3081
869
2209
997
3394
868
1232
3162
1123
3802
3217
666
3398
2631
1795
1984
3812
2848
3967
1968
3965
1192
108
3988
862
1793
2721
1919
777
618
1115
3810
1349
2707
3144
874
1133
1900
3755
786
2699
1145
605
3201
2112
583
3839
3928
3331
2180
2949
2244
1872
2038
767
1613
652
1883
323
2289
1186
539
2241
1902
1898
2706
2453
1096
2420
1201
1382
3023
1830
2537
3214
3032
2891
1492
3669
1626
670
544
1797
1358
1607
3798
1947
2487
325
699
1530
3829
1645
1767
3176
2087
3491
1240
1473
2457
3366
3855
3036
1877
115
3547
2911
2572
3771
3122
3493
3283
3016
2060
1936
94
3029
847
1708
2239
503
3611
905
486
3513
3462
1184
1701
2042
3198
426
3367
191
1851
1257
1550
3706
3953
3364
3065
1229
1728
610
2151
2254
232
1939
2918
2779
1277
3044
1326
107
3074
626
833
382
3804
1553
1913
2284
488
3730
1330
3174
3862
2433
1628
2939
1715
2897
3290
1412
98
3154
3617
201
2373
1203
1584
1198
2012
1114
776
3280
3124
1844
3597
2048
1183
2999
3332
746
961
1233
1569
368
3909
3705
3327
1821
834
1366
911
1653
2100
3811
1285
3069
3298
648
3460
2046
756
2116
3097
3207
374
2809
836
1689
2953
1769
3435
1967
1543
2719
1420
400
3528
2470
1719
1853
880
607
3027
3796
1126
358
744
3578
680
244
957
392
996
1757
713
3606
364
2970
1809
2133
340
435
594
2698
3104
1770
3311
1682
2539
2058
2020
2331
1081
2826
2068
418
1483
210
2057
1938
863
466
3663
3030
395
1890
661
215
1061
2378
1597
2616
2538
149
2205
2214
2419
199
3164
2781
521
523
246
1995
3649
339
3316
1742
335
2530
3990
1230
2462
1106
187
2138
992
2715
2286
966
2554
2741
804
2359
2648
2915
3093
3634
1247
3958
150
2569
3108
3628
2928
516
256
2525
338
1031
926
1548
2591
2878
1655
372
2350
2123
2297
3448
309
1110
694
2152
2650
497
2527
2014
525
1985
3913
2811
1498
2411
658
1270
359
2295
3384
579
2982
2148
2212
485
3518
3853
2571
2198
2217
428
2733
1540
2349
223
685
3345
2274
3901
3696
1614
3923
1030
2034
409
90
89
88
87
86
85
84
83
82
81
80
79
78
77
76
75
74
73
72
71
70
69
68
67
66
65
64
63
62
61
60
59
58
57
56
55
54
53
52
51
50
49
48
47
46
45
44
43
42
41
40
39
38
37
36
35
34
33
32
31
30
29
28
27
26
25
24
23
22
21
20
19
18
17
16
15
14
13
12
11
10
9
8
7
6
5
4
3
2
1
0
